<?xml version="1.0"?>
<opencv_storage>
<Intrinsics type_id="opencv-matrix">
  <rows>3</rows>
  <cols>3</cols>
  <dt>f</dt>
  <data>
    4.05690643e+002 0. 3.19222534e+002 0. 4.05690643e+002
    2.49133606e+002 0. 0. 1.</data></Intrinsics>
</opencv_storage>
